# This file may be used to create an environment using:
# $ conda create --name <env> --file <this file>
# platform: win-64
_tflow_select=2.3.0=mkl
absl-py=0.8.1=py36_0
astor=0.8.0=py36_0
blas=1.0=mkl
ca-certificates=2019.11.28=hecc5488_0
certifi=2019.11.28=py36_0
convertdate=2.1.3=py_1000
cycler=0.10.0=py_2
cython=0.29.14=py36h6538335_0
ephem=3.7.7.0=py36hfa6e2cd_0
fbprophet=0.5=py36h6538335_0
freetype=2.10.0=h563cfd7_1
gast=0.3.2=py_0
grpcio=1.16.1=py36h351948d_1
h5py=2.9.0=py36h5e291fa_0
hdf5=1.10.4=h7ebc959_0
holidays=0.9.11=py_0
icc_rt=2019.0.0=h0cc432a_1
icu=64.2=he025d50_1
intel-openmp=2019.4=245
joblib=0.14.1=py_0
jpeg=9c=hfa6e2cd_1001
keras=2.2.4=0
keras-applications=1.0.8=py_0
keras-base=2.2.4=py36_0
keras-preprocessing=1.1.0=py_1
kiwisolver=1.1.0=py36he980bc4_0
libmklml=2019.0.5=0
libpng=1.6.37=h7602738_0
libprotobuf=3.11.2=h7bd577a_0
libpython=2.0=py36_0
lunardate=0.2.0=py_0
m2w64-binutils=2.25.1=5
m2w64-bzip2=1.0.6=6
m2w64-crt-git=5.0.0.4636.2595836=2
m2w64-gcc=5.3.0=6
m2w64-gcc-ada=5.3.0=6
m2w64-gcc-fortran=5.3.0=6
m2w64-gcc-libgfortran=5.3.0=6
m2w64-gcc-libs=5.3.0=7
m2w64-gcc-libs-core=5.3.0=7
m2w64-gcc-objc=5.3.0=6
m2w64-gmp=6.1.0=2
m2w64-headers-git=5.0.0.4636.c0ad18a=2
m2w64-isl=0.16.1=2
m2w64-libiconv=1.14=6
m2w64-libmangle-git=5.0.0.4509.2e5a9a2=2
m2w64-libwinpthread-git=5.0.0.4634.697f757=2
m2w64-make=4.1.2351.a80a8b8=2
m2w64-mpc=1.0.3=3
m2w64-mpfr=3.1.4=4
m2w64-pkg-config=0.29.1=2
m2w64-toolchain=5.3.0=7
m2w64-tools-git=5.0.0.4592.90b8472=2
m2w64-windows-default-manifest=6.4=3
m2w64-winpthreads-git=5.0.0.4634.697f757=2
m2w64-zlib=1.2.8=10
markdown=3.1.1=py36_0
matplotlib=3.1.1=py36hc8f65d3_0
mkl=2019.4=245
msys2-conda-epoch=20160418=1
numpy=1.14.2=py36h5c71026_0
openssl=1.1.1d=hfa6e2cd_0
pandas=0.24.0=py36h6538335_0
pip=19.3.1=py36_0
protobuf=3.11.2=py36h33f27b4_0
pyparsing=2.4.6=py_0
pyqt=5.9.2=py36h6538335_4
pyreadline=2.1=py36_1
pystan=2.19.0.0=py36hcce6980_0
python=3.6.9=h5500b2f_0
python-dateutil=2.8.1=py_0
pytz=2019.3=py_0
pyyaml=5.2=py36he774522_0
qt=5.9.7=h506e8af_3
scikit-learn=0.21.1=py36h6288b17_0
scipy=1.2.1=py36h29ff71c_0
setuptools=44.0.0=py36_0
sip=4.19.8=py36h6538335_0
six=1.13.0=py36_0
sqlite=3.30.1=he774522_0
tensorboard=1.14.0=py36he3c9ec2_0
tensorflow=1.14.0=mkl_py36hb88db5b_0
tensorflow-base=1.14.0=mkl_py36ha978198_0
tensorflow-estimator=1.14.0=py_0
termcolor=1.1.0=py36_1
tornado=6.0.3=py36hfa6e2cd_0
vc=14.1=h0510ff6_4
vs2015_runtime=14.16.27012=hf0eaf9b_1
werkzeug=0.16.0=py_0
wheel=0.33.6=py36_0
wincertstore=0.2=py36h7fe50ca_0
wrapt=1.11.2=py36he774522_0
yaml=0.1.7=hc54c509_2
zlib=1.2.11=h62dcd97_3
